#node
id,x,y,z
167 -725.205818 -0.000000 -1169.606886
168 -692.457353 0.000000 -647.439936
166 -668.275192 -0.000000 -1687.527070
169 -639.190840 0.000000 -117.698014
151 -637.190234 -197.536982 -1158.757112
183 -637.190234 197.536982 -1158.757112
150 -627.707444 -103.084297 -1690.551279
182 -627.707444 103.084297 -1690.551279
152 -621.468430 -301.993313 -647.014388
184 -621.468231 301.994107 -647.013250
170 -588.331806 0.000002 392.761951
153 -588.158211 -391.810334 -126.138520
185 -588.157028 391.816190 -126.148453
165 -579.343301 -0.000000 -2201.804052
149 -557.028710 -84.342597 -2205.433122
181 -557.028710 84.342597 -2205.433122
186 -545.883890 451.289978 402.130268
154 -545.835442 -451.445039 402.370709
171 -536.106531 -0.000211 915.341359
187 -500.925543 492.726670 914.205090
155 -499.740064 -493.262069 927.030158
172 -481.951880 -0.001681 1439.928685
164 -476.113073 -0.000000 -2732.727380
137 -450.004159 -704.559485 -117.209128
201 -449.957917 704.679167 -116.906340
188 -449.496775 507.694942 1446.289689
156 -449.480219 -507.722140 1446.375830
136 -448.595408 -628.295747 -640.474889
200 -448.577448 628.366398 -640.315820
138 -438.131702 -761.302119 399.859228
202 -438.118454 761.353327 399.957342
199 -437.929834 549.322006 -1160.011515
135 -437.901417 -549.387120 -1159.906101
180 -436.457631 81.225261 -2735.502628
148 -436.457631 -81.225261 -2735.502628
198 -428.033547 445.880757 -1688.131043
134 -427.919823 -446.247968 -1687.437736
173 -427.609745 0.022640 1954.287214
139 -418.570162 -804.067290 921.803236
203 -418.552067 804.118453 921.904889
197 -407.823800 318.276243 -2214.691831
133 -407.823232 -318.279611 -2214.685575
157 -396.168023 -501.709583 1963.837406
189 -396.167247 501.720493 1963.808477
204 -385.897671 817.169702 1448.571446
140 -385.888434 -817.150202 1448.660798
174 -368.507007 0.000675 2482.263859
132 -361.867161 -196.066340 -2728.574185
196 -361.866579 196.068855 -2728.570216
141 -348.990583 -798.502021 1962.205313
205 -348.984280 798.508022 1962.211080
158 -341.204474 -487.581497 2479.478742
190 -341.204350 487.598419 2479.452985
163 -340.978333 -0.000000 -3252.153784
147 -319.123498 -38.728719 -3254.891661
179 -319.123498 38.728719 -3254.891661
175 -305.582222 0.002280 3011.596793
206 -305.258078 746.125440 2493.527865
142 -305.239073 -746.114432 2493.657361
159 -283.341260 -458.139168 3007.128029
191 -283.335160 458.119550 3007.195024
195 -278.905125 83.794099 -3259.295680
131 -278.905125 -83.794099 -3259.295680
220 -275.202847 917.965088 1449.048874
124 -275.196065 -917.972423 1449.113996
219 -274.936739 934.592892 922.367535
123 -274.909922 -934.626710 922.562356
122 -270.389945 -921.939372 400.657464
218 -270.370079 921.964235 400.767678
217 -264.744993 891.539157 -119.114851
121 -264.739453 -891.551653 -119.056114
221 -261.515086 878.933011 1968.841555
125 -261.504921 -878.935357 1968.909500
143 -257.930107 -652.995785 3013.956545
207 -257.912665 652.970033 3014.060598
120 -251.867914 -841.765672 -642.200268
216 -251.838398 841.847766 -641.948425
119 -244.951026 -748.256547 -1158.264585
215 -244.932886 748.321649 -1158.150169
222 -243.975693 808.659644 2487.324046
126 -243.960909 -808.656619 2487.423480
176 -232.210979 0.001380 3525.005307
160 -222.539303 -409.003399 3530.432723
192 -222.515165 408.959371 3530.582756
118 -216.948673 -647.849306 -1682.544162
214 -216.912585 647.972162 -1682.301864
223 -215.686812 704.835381 3009.117541
127 -215.683113 -704.833231 3009.130939
208 -207.106710 547.016613 3532.131846
144 -207.105293 -547.004709 3532.134624
3 -181.525161 -0.000000 -3771.905169
224 -180.235442 584.523211 3521.268225
128 -180.234559 -584.521728 3521.273949
117 -179.619792 -540.980331 -2213.797975
213 -179.554843 541.215589 -2213.303491
193 -157.913578 315.324860 4055.868348
161 -157.890722 -315.231410 4056.007972
177 -157.312689 -0.000470 4045.122478
110 -152.306255 -791.464817 2486.501828
238 -152.302569 791.459758 2486.532125
237 -151.323238 870.126411 1969.358394
109 -151.316735 -870.125647 1969.402384
209 -149.447359 417.403493 4058.532397
145 -149.424325 -417.346452 4058.677683
111 -147.199384 -684.256969 3011.916129
239 -147.189559 684.242763 3011.982512
236 -144.563434 922.876247 1436.182339
108 -144.557915 -922.879140 1436.216232
235 -143.820009 946.581175 918.908230
107 -143.810673 -946.588635 918.976277
212 -137.491432 426.165979 -2722.473961
116 -136.735798 -422.445946 -2735.266790
106 -135.114971 -944.344650 404.870505
234 -135.108354 944.346609 404.898454
225 -133.603273 440.973761 4057.400276
129 -133.593219 -440.962583 4057.450156
112 -132.285280 -566.630247 3528.133235
240 -132.284008 566.629858 3528.147822
211 -128.661081 245.163512 -3251.413909
115 -128.564612 -245.487503 -3250.838733
233 -120.906890 918.705161 -120.319524
105 -120.888140 -918.732783 -120.194538
227 -117.237623 257.870334 -3247.253733
99 -117.204635 -257.979244 -3247.055765
83 -114.788552 -261.701750 -3244.500156
243 -114.783031 261.722820 -3244.460223
67 -112.473830 -264.950668 -3242.668022
259 -112.441517 265.057027 -3242.460617
51 -111.270196 -263.149410 -3251.885810
275 -111.230014 263.262612 -3251.642314
2 -109.570751 0.000370 -3245.939321
1 -107.249975 -240.893110 -3249.756710
307 -107.160579 241.141293 -3249.173681
35 -106.640606 -268.082052 -3242.800799
291 -106.539414 268.379027 -3242.142849
241 -104.757553 428.479416 4050.027460
113 -104.756620 -428.479236 4050.036019
232 -101.724923 868.762366 -647.409325
104 -101.723024 -868.771605 -647.375496
210 -87.337707 251.724154 4575.899930
146 -87.337405 -251.724742 4575.909131
231 -86.629849 803.662780 -1171.935618
103 -86.628126 -803.671919 -1171.906139
162 -85.955065 -171.100002 4573.766601
194 -85.954773 171.098533 4573.764477
178 -80.729200 0.001082 4570.644905
130 -78.294008 -267.352678 4577.909051
226 -78.288127 267.339713 4577.943693
256 -77.533709 540.771026 3533.424238
96 -77.530987 -540.761553 3533.446271
95 -72.458286 -655.027223 3006.298634
255 -72.458056 655.027053 3006.300451
97 -68.178582 -408.715036 4049.293879
257 -68.178207 408.715737 4049.298002
100 -63.991679 -460.329275 -2734.047519
228 -63.964939 460.430526 -2733.833152
114 -63.594025 -258.532283 4563.281775
242 -63.593700 258.528971 4563.282345
94 -61.301064 -754.789603 2485.366404
254 -61.294715 754.779507 2485.411805
253 -53.462106 838.811794 1963.937147
93 -53.452616 -838.810848 1964.002115
230 -50.626931 719.312052 -1683.350520
102 -50.625272 -719.309977 -1683.339449
244 -46.072460 471.253077 -2729.749419
84 -46.068568 -471.261210 -2729.726821
92 -45.871157 -889.932909 1436.250004
252 -45.863015 889.929109 1436.308512
260 -44.361710 469.741803 -2728.785250
68 -44.319190 -469.875383 -2728.485853
276 -43.494602 465.156056 -2735.874935
52 -43.369188 -465.506885 -2735.055098
292 -41.013893 461.318681 -2735.734285
36 -40.878044 -461.683238 -2734.904075
258 -39.670314 230.406004 4571.619981
98 -39.670231 -230.405578 4571.620693
101 -35.544089 -611.215639 -2207.976968
229 -35.528003 611.266086 -2207.864725
308 -35.366654 453.395359 -2729.702171
4 -35.056804 -454.275536 -2727.605204
91 -34.745457 -917.190303 913.928507
251 -34.735989 917.191726 913.993127
5 -31.400133 0.018266 -2730.999174
250 -23.958883 926.196998 395.458517
90 -23.957390 -926.199932 395.469093
81 -17.691598 -370.609742 4045.757210
273 -17.690560 370.606845 4045.766795
82 -10.094625 -198.990186 4570.998544
274 -10.094175 198.990184 4571.001874
80 -9.183998 -498.536194 3520.420773
272 -9.183869 498.531335 3520.427209
249 -4.543478 910.184515 -118.848090
89 -4.530977 -910.192360 -118.764167
85 -3.711857 -620.983083 -2208.973444
245 -3.709952 620.984913 -2208.961393
34 -0.000000 -0.000000 5091.886334
271 10.200776 606.194653 3000.067517
79 10.204735 -606.187014 3000.091903
88 12.450929 -868.884036 -647.090828
248 12.462881 868.897651 -647.006586
261 21.113483 622.038842 -2213.337576
69 21.133418 -622.090506 -2213.181984
277 23.064569 619.002974 -2212.657673
53 23.136553 -619.156624 -2212.187911
87 23.563988 -806.045666 -1170.229866
247 23.571913 806.058151 -1170.174824
293 26.031379 614.377069 -2210.602184
37 26.118656 -614.572163 -2210.028440
290 26.626032 157.869533 4567.929642
66 26.627953 -157.868134 4567.939909
86 27.438175 -746.763019 -1677.932296
246 27.450635 746.788160 -1677.841887
270 31.215202 694.106735 2482.876135
78 31.223287 -694.090965 2482.933520
309 32.580785 597.751447 -2204.577576
6 32.609410 -597.876252 -2204.376957
269 41.717875 766.219001 1959.632980
77 41.728525 -766.204761 1959.700217
7 47.615506 0.032786 -2204.974456
289 50.812265 309.231201 4046.811840
65 50.814883 -309.230101 4046.822948
76 50.923605 -825.333940 1441.502742
268 50.934694 825.328485 1441.581736
262 56.227800 733.928466 -1687.018552
70 56.232798 -733.932822 -1686.992288
75 65.290275 -856.591972 923.151545
267 65.304171 856.588360 923.250800
306 75.203775 112.621527 4565.750884
50 75.206335 -112.615043 4565.766375
64 76.954956 -427.907118 3532.076802
288 76.962453 427.881671 3532.124333
74 80.265985 -873.803004 391.155799
266 80.273194 873.811274 391.205328
278 83.004914 721.731528 -1693.012887
54 83.005348 -721.732311 -1693.009467
73 86.504111 -876.510558 -127.958742
265 86.513125 876.518813 -127.891651
72 87.904771 -848.500280 -638.301767
264 87.908240 848.508887 -638.259547
71 88.203219 -803.113501 -1164.431811
263 88.204399 803.121434 -1164.432196
38 96.100162 -711.877495 -1684.596722
294 96.133641 711.915411 -1684.392256
310 101.973113 683.873332 -1686.414121
8 102.047781 -683.976455 -1685.897347
63 106.496186 -530.147498 2998.873576
287 106.509069 530.106684 2998.959124
279 122.067922 785.101936 -1164.433151
55 122.083470 -785.104245 -1164.342895
286 124.462997 613.205199 2485.753901
62 124.469298 -613.188038 2485.803928
9 126.792654 -0.017778 -1687.326335
285 143.368872 673.013968 1970.023924
61 143.378269 -673.007753 1970.082232
32 143.389974 -51.375206 4568.916905
322 143.390289 51.374441 4568.919954
49 146.266364 -215.227234 4051.817814
305 146.267948 215.220821 4051.832774
56 150.826655 -826.528343 -641.426050
280 150.842986 826.545964 -641.301887
284 156.839136 728.041972 1438.929344
60 156.858126 -728.015766 1439.051880
39 158.845325 -759.492325 -1173.253895
295 158.858516 759.515780 -1173.167077
59 160.451116 -780.596281 920.149170
283 160.468069 780.589816 920.271473
58 161.155025 -815.991599 395.575932
282 161.168335 815.988470 395.672888
57 162.782702 -831.380938 -117.488688
281 162.799092 831.399147 -117.372179
10 173.577159 -726.571400 -1159.213831
311 173.612377 726.609668 -1159.003457
33 193.001060 -0.000000 4568.922023
304 197.339159 308.464301 3523.982872
48 197.343291 -308.451525 3524.006838
40 198.011728 -776.843963 -648.581868
296 198.057800 776.880430 -648.254891
11 207.687489 0.003199 -1155.372174
303 226.415610 396.955024 3015.312485
47 226.431865 -396.898565 3015.409057
297 235.278515 763.972279 -123.990353
41 235.290133 -763.954242 -123.946124
312 237.890760 708.479523 -649.989453
12 237.899790 -708.427325 -650.004542
46 246.689351 -483.198574 2483.166950
302 246.727094 483.062628 2483.410034
45 256.937158 -555.562366 1963.741719
301 256.939569 555.555013 1963.741366
42 259.607087 -729.633430 393.806053
298 259.620536 729.624705 393.902652
321 259.935248 87.782077 4054.352983
30 259.939710 -87.769521 4054.377324
299 260.286223 676.757864 921.742482
43 260.291053 -676.747951 921.781888
44 260.677256 -619.608237 1436.006122
300 260.682727 619.599654 1436.021936
13 283.129004 -0.182319 -636.519746
313 303.336704 641.336061 -126.224892
14 303.342493 -641.289229 -126.254251
31 330.976396 -0.000000 4042.658588
320 337.402997 125.231177 3528.658230
28 337.406657 -125.220060 3528.675646
16 353.603343 -568.642530 392.760344
314 353.650807 568.569048 393.036293
15 356.087001 0.015905 -121.645156
319 380.427779 190.423539 3003.295725
26 380.430306 -190.420110 3003.303876
315 391.285973 503.805412 919.863835
18 391.312022 -503.747523 920.086819
318 401.262370 270.418516 2489.754350
24 401.268676 -270.405224 2489.779958
20 413.789458 -433.305799 1435.624826
316 413.807962 433.234206 1435.752345
317 414.220386 351.550799 1960.500464
22 414.234263 -351.512539 1960.571033
29 425.153491 0.000007 3530.350450
17 425.154855 0.038376 398.414026
19 486.385205 0.118622 915.507292
27 511.054932 0.000077 2998.230966
21 540.514962 -0.014132 1442.808281
25 569.210806 -0.000055 2486.349578
23 581.326946 -0.006442 1968.544064
#face
id,node_i,node_j,node_z
1 1 2 3
2 4 2 1
3 4 5 2
4 6 5 4
5 6 7 5
6 8 7 6
7 8 9 7
8 10 9 8
9 10 11 9
10 12 11 10
11 12 13 11
12 14 13 12
13 14 15 13
14 16 15 14
15 16 17 15
16 18 17 16
17 18 19 17
18 20 19 18
19 20 21 19
20 22 21 20
21 22 23 21
22 24 23 22
23 24 25 23
24 26 25 24
25 26 27 25
26 28 27 26
27 28 29 27
28 30 29 28
29 30 31 29
30 32 31 30
31 32 33 31
32 34 33 32
33 35 1 3
34 36 1 35
35 36 4 1
36 37 4 36
37 37 6 4
38 38 6 37
39 38 8 6
40 39 8 38
41 39 10 8
42 40 10 39
43 40 12 10
44 41 12 40
45 41 14 12
46 42 14 41
47 42 16 14
48 43 16 42
49 43 18 16
50 44 18 43
51 44 20 18
52 45 20 44
53 45 22 20
54 46 22 45
55 46 24 22
56 47 24 46
57 47 26 24
58 48 26 47
59 48 28 26
60 49 28 48
61 49 30 28
62 50 30 49
63 50 32 30
64 34 32 50
65 51 35 3
66 52 35 51
67 52 36 35
68 53 36 52
69 53 37 36
70 54 37 53
71 54 38 37
72 55 38 54
73 55 39 38
74 56 39 55
75 56 40 39
76 57 40 56
77 57 41 40
78 58 41 57
79 58 42 41
80 59 42 58
81 59 43 42
82 60 43 59
83 60 44 43
84 61 44 60
85 61 45 44
86 62 45 61
87 62 46 45
88 63 46 62
89 63 47 46
90 64 47 63
91 64 48 47
92 65 48 64
93 65 49 48
94 66 49 65
95 66 50 49
96 34 50 66
97 67 51 3
98 68 51 67
99 68 52 51
100 69 52 68
101 69 53 52
102 70 53 69
103 70 54 53
104 71 54 70
105 71 55 54
106 72 55 71
107 72 56 55
108 73 56 72
109 73 57 56
110 74 57 73
111 74 58 57
112 75 58 74
113 75 59 58
114 76 59 75
115 76 60 59
116 77 60 76
117 77 61 60
118 78 61 77
119 78 62 61
120 79 62 78
121 79 63 62
122 80 63 79
123 80 64 63
124 81 64 80
125 81 65 64
126 82 65 81
127 82 66 65
128 34 66 82
129 83 67 3
130 84 67 83
131 84 68 67
132 85 68 84
133 85 69 68
134 86 69 85
135 86 70 69
136 87 70 86
137 87 71 70
138 88 71 87
139 88 72 71
140 89 72 88
141 89 73 72
142 90 73 89
143 90 74 73
144 91 74 90
145 91 75 74
146 92 75 91
147 92 76 75
148 93 76 92
149 93 77 76
150 94 77 93
151 94 78 77
152 95 78 94
153 95 79 78
154 96 79 95
155 96 80 79
156 97 80 96
157 97 81 80
158 98 81 97
159 98 82 81
160 34 82 98
161 99 83 3
162 100 83 99
163 100 84 83
164 101 84 100
165 101 85 84
166 102 85 101
167 102 86 85
168 103 86 102
169 103 87 86
170 104 87 103
171 104 88 87
172 105 88 104
173 105 89 88
174 106 89 105
175 106 90 89
176 107 90 106
177 107 91 90
178 108 91 107
179 108 92 91
180 109 92 108
181 109 93 92
182 110 93 109
183 110 94 93
184 111 94 110
185 111 95 94
186 112 95 111
187 112 96 95
188 113 96 112
189 113 97 96
190 114 97 113
191 114 98 97
192 34 98 114
193 115 99 3
194 116 99 115
195 116 100 99
196 117 100 116
197 117 101 100
198 118 101 117
199 118 102 101
200 119 102 118
201 119 103 102
202 120 103 119
203 120 104 103
204 121 104 120
205 121 105 104
206 122 105 121
207 122 106 105
208 123 106 122
209 123 107 106
210 124 107 123
211 124 108 107
212 125 108 124
213 125 109 108
214 126 109 125
215 126 110 109
216 127 110 126
217 127 111 110
218 128 111 127
219 128 112 111
220 129 112 128
221 129 113 112
222 130 113 129
223 130 114 113
224 34 114 130
225 131 115 3
226 132 115 131
227 132 116 115
228 133 116 132
229 133 117 116
230 134 117 133
231 134 118 117
232 135 118 134
233 135 119 118
234 136 119 135
235 136 120 119
236 137 120 136
237 137 121 120
238 138 121 137
239 138 122 121
240 139 122 138
241 139 123 122
242 140 123 139
243 140 124 123
244 141 124 140
245 141 125 124
246 142 125 141
247 142 126 125
248 143 126 142
249 143 127 126
250 144 127 143
251 144 128 127
252 145 128 144
253 145 129 128
254 146 129 145
255 146 130 129
256 34 130 146
257 147 131 3
258 148 131 147
259 148 132 131
260 149 132 148
261 149 133 132
262 150 133 149
263 150 134 133
264 151 134 150
265 151 135 134
266 152 135 151
267 152 136 135
268 153 136 152
269 153 137 136
270 154 137 153
271 154 138 137
272 155 138 154
273 155 139 138
274 156 139 155
275 156 140 139
276 157 140 156
277 157 141 140
278 158 141 157
279 158 142 141
280 159 142 158
281 159 143 142
282 160 143 159
283 160 144 143
284 161 144 160
285 161 145 144
286 162 145 161
287 162 146 145
288 34 146 162
289 163 147 3
290 164 147 163
291 164 148 147
292 165 148 164
293 165 149 148
294 166 149 165
295 166 150 149
296 167 150 166
297 167 151 150
298 168 151 167
299 168 152 151
300 169 152 168
301 169 153 152
302 170 153 169
303 170 154 153
304 171 154 170
305 171 155 154
306 172 155 171
307 172 156 155
308 173 156 172
309 173 157 156
310 174 157 173
311 174 158 157
312 175 158 174
313 175 159 158
314 176 159 175
315 176 160 159
316 177 160 176
317 177 161 160
318 178 161 177
319 178 162 161
320 34 162 178
321 179 163 3
322 180 163 179
323 180 164 163
324 181 164 180
325 181 165 164
326 182 165 181
327 182 166 165
328 183 166 182
329 183 167 166
330 184 167 183
331 184 168 167
332 185 168 184
333 185 169 168
334 186 169 185
335 186 170 169
336 187 170 186
337 187 171 170
338 188 171 187
339 188 172 171
340 189 172 188
341 189 173 172
342 190 173 189
343 190 174 173
344 191 174 190
345 191 175 174
346 192 175 191
347 192 176 175
348 193 176 192
349 193 177 176
350 194 177 193
351 194 178 177
352 34 178 194
353 195 179 3
354 196 179 195
355 196 180 179
356 197 180 196
357 197 181 180
358 198 181 197
359 198 182 181
360 199 182 198
361 199 183 182
362 200 183 199
363 200 184 183
364 201 184 200
365 201 185 184
366 202 185 201
367 202 186 185
368 203 186 202
369 203 187 186
370 204 187 203
371 204 188 187
372 205 188 204
373 205 189 188
374 206 189 205
375 206 190 189
376 207 190 206
377 207 191 190
378 208 191 207
379 208 192 191
380 209 192 208
381 209 193 192
382 210 193 209
383 210 194 193
384 34 194 210
385 211 195 3
386 212 195 211
387 212 196 195
388 213 196 212
389 213 197 196
390 214 197 213
391 214 198 197
392 215 198 214
393 215 199 198
394 216 199 215
395 216 200 199
396 217 200 216
397 217 201 200
398 218 201 217
399 218 202 201
400 219 202 218
401 219 203 202
402 220 203 219
403 220 204 203
404 221 204 220
405 221 205 204
406 222 205 221
407 222 206 205
408 223 206 222
409 223 207 206
410 224 207 223
411 224 208 207
412 225 208 224
413 225 209 208
414 226 209 225
415 226 210 209
416 34 210 226
417 227 211 3
418 228 211 227
419 228 212 211
420 229 212 228
421 229 213 212
422 230 213 229
423 230 214 213
424 231 214 230
425 231 215 214
426 232 215 231
427 232 216 215
428 233 216 232
429 233 217 216
430 234 217 233
431 234 218 217
432 235 218 234
433 235 219 218
434 236 219 235
435 236 220 219
436 237 220 236
437 237 221 220
438 238 221 237
439 238 222 221
440 239 222 238
441 239 223 222
442 240 223 239
443 240 224 223
444 241 224 240
445 241 225 224
446 242 225 241
447 242 226 225
448 34 226 242
449 243 227 3
450 244 227 243
451 244 228 227
452 245 228 244
453 245 229 228
454 246 229 245
455 246 230 229
456 247 230 246
457 247 231 230
458 248 231 247
459 248 232 231
460 249 232 248
461 249 233 232
462 250 233 249
463 250 234 233
464 251 234 250
465 251 235 234
466 252 235 251
467 252 236 235
468 253 236 252
469 253 237 236
470 254 237 253
471 254 238 237
472 255 238 254
473 255 239 238
474 256 239 255
475 256 240 239
476 257 240 256
477 257 241 240
478 258 241 257
479 258 242 241
480 34 242 258
481 259 243 3
482 260 243 259
483 260 244 243
484 261 244 260
485 261 245 244
486 262 245 261
487 262 246 245
488 263 246 262
489 263 247 246
490 264 247 263
491 264 248 247
492 265 248 264
493 265 249 248
494 266 249 265
495 266 250 249
496 267 250 266
497 267 251 250
498 268 251 267
499 268 252 251
500 269 252 268
501 269 253 252
502 270 253 269
503 270 254 253
504 271 254 270
505 271 255 254
506 272 255 271
507 272 256 255
508 273 256 272
509 273 257 256
510 274 257 273
511 274 258 257
512 34 258 274
513 275 259 3
514 276 259 275
515 276 260 259
516 277 260 276
517 277 261 260
518 278 261 277
519 278 262 261
520 279 262 278
521 279 263 262
522 280 263 279
523 280 264 263
524 281 264 280
525 281 265 264
526 282 265 281
527 282 266 265
528 283 266 282
529 283 267 266
530 284 267 283
531 284 268 267
532 285 268 284
533 285 269 268
534 286 269 285
535 286 270 269
536 287 270 286
537 287 271 270
538 288 271 287
539 288 272 271
540 289 272 288
541 289 273 272
542 290 273 289
543 290 274 273
544 34 274 290
545 291 275 3
546 292 275 291
547 292 276 275
548 293 276 292
549 293 277 276
550 294 277 293
551 294 278 277
552 295 278 294
553 295 279 278
554 296 279 295
555 296 280 279
556 297 280 296
557 297 281 280
558 298 281 297
559 298 282 281
560 299 282 298
561 299 283 282
562 300 283 299
563 300 284 283
564 301 284 300
565 301 285 284
566 302 285 301
567 302 286 285
568 303 286 302
569 303 287 286
570 304 287 303
571 304 288 287
572 305 288 304
573 305 289 288
574 306 289 305
575 306 290 289
576 34 290 306
577 307 291 3
578 308 291 307
579 308 292 291
580 309 292 308
581 309 293 292
582 310 293 309
583 310 294 293
584 311 294 310
585 311 295 294
586 312 295 311
587 312 296 295
588 313 296 312
589 313 297 296
590 314 297 313
591 314 298 297
592 315 298 314
593 315 299 298
594 316 299 315
595 316 300 299
596 317 300 316
597 317 301 300
598 318 301 317
599 318 302 301
600 319 302 318
601 319 303 302
602 320 303 319
603 320 304 303
604 321 304 320
605 321 305 304
606 322 305 321
607 322 306 305
608 34 306 322
609 2 307 3
610 5 307 2
611 5 308 307
612 7 308 5
613 7 309 308
614 9 309 7
615 9 310 309
616 11 310 9
617 11 311 310
618 13 311 11
619 13 312 311
620 15 312 13
621 15 313 312
622 17 313 15
623 17 314 313
624 19 314 17
625 19 315 314
626 21 315 19
627 21 316 315
628 23 316 21
629 23 317 316
630 25 317 23
631 25 318 317
632 27 318 25
633 27 319 318
634 29 319 27
635 29 320 319
636 31 320 29
637 31 321 320
638 33 321 31
639 33 322 321
640 34 322 33
